272. ’

Μ Κ
’ 188 187
ᾗ 184 189
,v ao sio eq.
ι 191 198
’“ 192.3 196.
194 199
ao aio sq.
205 212
206 210
207 211
208 213
, ao eiu sq.
212 218
213 217
214.5 220.
216 219
217 222
218 223
219 225
220 224
221 226
ac sic sq.
229 235
230 234
231 237
232 236
233 238
ac sic sq.
257.8
259 274
260.1 275.
262 263
263 265
264 266
265 264
266 269
267 270
268 277
269 282
270 278
271.2 283.
273 279
274 342
275 285
276 301
· 277 286
278 290
279 291
280 294
281 293
282 299
283 300
284 343
285 268

ω

Φ

 

hl
286
287
288
289
290
291
292
293
294
295
296
297
298
299
300
301
302
303
304
305
306
307
308
309
310
311
312
313
314
315
316
317
318
319
320
321
322
323
324
326
327
328
329
330
331
332
333
334
335
336
337

Κ
271
303
297
262
267

28
281
289
302
339
340
288
287
295
296
292
280
312
324
313
311
323
314
329
308
335
336
328
330
320
322
298
327
331
309
332
338
315
310
319
306
307
326
333

334„

337
317
305
318
304
321
100
129
153

1

CONSPECTUS

Μ Κ Ι Μ K
V oox 165 60 53
- Δ 316 ac shxuq.
- 341 59 63
.. 343 ac sie sq.
.- 345 82 87
ι 0 1 33 213
Aaewmcus 84 91
3 4 85 89
4 3 86 88
7 g - 87 90
g 7 88 105
9 10 89 92
10 9 90 93
91 96
Iffliphus 92 94
3 7 93 97
4 3 94 98
5 4 95 100
6 5 96 110
7 6 97 -111
98.9 102
v Philiscus 100 101
2 4 101 109
3 2 1023 14ο.1
4 3 104 114
‚ 105 115
Szmylus 106 116
Vccxxm 1 108 117
. 109 108
szocles 110.11 112.13
9 10 112 118
10 9 113 119
14 17 114 106
15 14 115 105
16 15 116.7 121
17 16 118 125
36 37v 119 124
37 38 120 126
38 36 121 122
122 142
Xenarchus 123 143
11 12 124 · 139
12 11 125 127
‚ 126 128
Τὴεορῑηῑαε 127 129
11 12 128 95
12 11 129 130
, . 130 123
Ρὴιῑςπίο 131 228
gsssssss 132 99
Γ,Μ s , f 133 104
ᾖς ‘² μ( 134 131
ac sid‘sq. 135 132
49 51.2 136 133

M
137
138
139
140
141
142
143
144
145
146
147
148
149
150
151
152
153
154
155

156.

158
159
160
161
162
163
164
165
166
167
168
169
170
171
172
173
174
175
176
177
178
179
180
181
182

183.

185

186
’187
,188
3189
1190
{191
2192

Κ
134
136
135
137
139
144
145
230

231 ,

229
232
233
234
146
147
148
159
150
151
184.
152
153
154
155
227
156
158
161
162
163
157
159
160
164
167
1 65
168
169
170
171
172
173
174
175
176
186.
177
166
178
179
180
181
182
188

