Conspectus

numerorum huius editionis (K) et Meinekianae minoris (Μ).*)

Antiphanes

4 3

, 6 4

8 11

9 8

ιο 9

ιι ιο

13 14

14 13

39 40

40 41

41 39

42 43

43 42
80 51

, 51 50
62 63

63 64

64 32

70 71

71 70

80 82

81 80
82 81-
114b 115

v 115 ιι6
ιι6 118

⁴¹ 117 119
118 120

J 119 121
ι 120 117
›121 122
ae sic sq.

 

M Κ
130 132
131 133
132 131
133 136
136 137
ac sic sq.
140 142
142 143
143 145
145 146
ac sic sq.
172 174
174 175
ao sic sq.
182 185
183 186
185 183
186 187
ac sio sq.
(196—-201
congruunt)
202 204
203 202
204 205
205 203
226.7 226
228 227
229 228
230 229.30
231 282
232 234
233 283
234 245
235 231

Μ
237
238
239
240
241
242
243
244
245
246
247
248
249
250
251
252
253
254
255
256
257
258
259
260
261
262
263
264
265
266
267
268
270
271

.Κ
235
300
246
237
325
277
278
331
276
275
274
243
244
298
284
285
273
242
272
302
249
250
271
299
286
287
301
305
288
270
250
289
241
233

hd
272
273
274
275
276
277
278
279
280
281
282
283
284
285
286
287
288
289
290

291.

293
294
296
297
298
299
300
301
302
303
304
305
306
307

4Κ
290
268
291
267
266
265
324
292
329
251
252
264
253

261Χ

262
263
260
232
259

293.

258
327
257
281
279
240
238
255
256
239
254
247
280
296

Μ ’Κ
308 297
309 332
310 319
311 315
312 306
313 316
314 318
315 322
316 323
317 312
318 314
319 313
320 321
321 307
322 308
323 309
324 310
325 311
326 320
327 303
328 304
329 326
330 333

317
153, §la 328
mai.

—— 330
- 334

Amandrides

3 2
40 41
41 40

*) Οιιιιι in tanta. paucitate fragmentorum qua-,e de singulis mediae

Ξ comoediae quae dieitur fabulis supersunt numeri mei a Meinekianis
volumine discrepent quam in

: Ρῖιιιιὲωτᾱίυενεοε tantummodo numeros tabula. quam propommus com-
,ί p ec

(minoris editionis) multo iarius in hoo

