L81 091 I
881 ’-
98 *-
89 -τ
98 ‘-
881 881
29 381
381 631
631 831
831 L31
231 931
831 931
331 131

, νει εει

931 381
981 911
·be ogs ου
111 011
801 601
011 801

θοι ιοῐ ³

’bs agnon
ο ΪΠ ΓἹ

 

5

801
301
181
001
86
981
101
36
66
86
L6
96
96
06
16
88
68
931
28
98
18
38
18
88
08
6Δ

Π

301
101
001
66
86
L6
96
96
86
36
16
06
68
88
Δ8
98
98
18
88
38
18
08
6L
83
La
9L
ΡῚ

LL
9L
9L
1L
ει
3L
ΒΔ
‘bs
89
99
99
19
·bs
91
11
31
01
68
88
Le
83
13

οῃ

ομ

9L
1L
82
3L
IL
ΟΔ
69
0⁰13
99
19
89
39
ΟΒ
11
31
01
68
88
L8
98
13
83

επηηᾱφα

313

L83
983
933
933
613
103

111Axxxoo A

0g1 xxxxxoo A 9
ΧΠ( ·d

96

98

39

81

88

L13
913
113
033
113
113
313
813
813
913
333
133

ulexxoo Λ, 913

’Σ

ΡἿ
8ΠῶΟἨᾶ8ΝΟΟ

Es

113
013
013
603
803
103
L03
908
303
808
008
661

. 683

861
L61
961
883
961
161
861
161
361
983
061
681
881

'X

31

613
813
L13
913
913
113—
813

'113

013
603
803
L03
908
908
103
803
303
103
003
661
861
261
961
961
161
861

lv

