M K
46 47
47 46
57 58
58⁴ 57
64 78
69 64.
72 77
73 80
74 72
75 73
76 74
77 69
78 76
79 75
- 81
Eubulus
10 12
11 10
12 11
22 23
23 22
37 38
38 37
41 44
42 43
43 41
44 42
47 49
48 47
49 48
53 54
54 53
58 59
59 58
60 63
62 60
63 62
76 77
77 76
85 86
86 85
95 96
96 95
97 98
98 104
99 105
100 99
103 100
104 103
105 107
106 108
107 106
108 110

79

 

Μ Κ

109 112 ξ
110 113 2
112 109 ³

113· 114
ac sle sq.
120 124

⁴ 121 125

122 126
123 138
124 132
125 131
126 127

ἶ -127 151

128 135

’ 129 121.2

130 137
131 123
132 150

1 133 128
3 134 139

135 129

3 136 130,-

137 134

1 138 133

139 143

’ 140 141
2 141 Δ144
ξ 142 147
¹ 143 148
; 144 149
³ 145 142

147 140
148 145

V CLXXXVI 97 ’

- 136
- 152

’111267,11 153

11127280 154
Araros
5.6.7 6.7.5
11 12
12 11

18 20 “
20 21
p. XVI 18
Nicostratus
’ 19 21
20 19
21 20
29 30 ,
30 31
31 29

0

CONSPECTUS

 

M K
36 38 Ξ
37 39 ε
38 40 3
39 41
40 37
41 36
Philetaerus
6 9
Ι 7 6.7
9 1οΛ
ac sic sq.
Amphis
38 39 ι
39 40
40 41
41 38,
, 42 43
43 42
45 46
46 47
47 48
48 50
- 45
p. XVII 49
Ι 404 51
Ephippus
3 5
4 3
5 4
17 19
18 17
19 18
21 22
22 21
24. 5 28. 9
26 24
27 25
28 27
V cxcvl 26
Anaxilas
6 7
7 6
, 10 11
; 11 10
15 18 ,
16 15
17 16
18 17
21 22
22 21

 

 

1 Μ
35
36 35
41 43
43 41
ἰ Aristophou
3 4
4 3
9 10
10 11
11 9
Epicrates
7 9
8 11
9 10
10 12
- 7
- 8
Ophelio
3 4
4 3
Alexis
2 3
3 2
11 13
12 14
13 11
14 12
15 19
16 15
17 16
18 17
19 18
28 29
ac sic sq.
44 46
45 47
46 48
47
48 49
49
50 51
51 53
53
ao sic sq.
61 65
62 66
1 63 67
64 62
65 64
66 63

Κ ι
36

50 3

45 ¹

54 J

M
67

K]
68

ao sic sq.

72
73
’ 74
75

74
75
73
76

ac sio sq.

94
96
98
99

96
98
99
101,

ac sio sq.

109
110
111
112
113
114

122
123
124
125
126
127
128
129
130

141
142
143

150
151
152
153
154
155
156
157
1 158
159
160
161
162
163
164
165
166
167

 

112
111
115

,113

114
116

ac sic sq.

128
127
125
126
124
132
130
131
133

ac sic sq.
140 145

143
144
146

ac sic sq

154
156
155
157
158
162
159
160
161
163
164
166
167
169
170
171
168
172

ac sic sq.

1 182

188

0 .

